124 708
124 708
124 708
94 696
216 720
92 612
173 384
173 89
174 196
205 296
205 230
296 86
210 88
150 225
150 225
150 225
268 284
268 297
174 222
184 461
225 240
225 240
225 240
182 222
261 320
274 314
204 173
202 161
169 292
168 200
168 189
216 270
217 253
218 268
288 285
288 282
128 386
128 161
101 462
282 264
282 266
342 330
342 253
277 486
270 304
270 280
230 302
230 308
265 204
265 224
265 221
280 313
278 282
116 632
114 628
224 328
225 344
234 248
149 632
308 548
274 252
245 274
242 469
140 720
214 270
213 346
194 333
194 310
161 660
177 190
177 172
169 329
168 365
157 249
170 214
212 617
174 673
157 596
184 208
182 245
182 224
358 720
